15.5078
3.41365
0.752185
0.165763
0.0365559
0.00806672
0.00178011
0.000392721
8.66318e-05
1.91115e-05
4.21614e-06
9.30007e-07
2.05116e-07
4.5235e-08
9.97514e-09
2.1995e-09
4.84927e-10

34.8234
7.71712
1.71128
0.37958
0.0842179
0.0186892
0.00414762
0.000920453
0.000204271
4.53341e-05
1.00612e-05
2.23294e-06
4.95563e-07
1.09982e-07
2.44088e-08
5.41718e-09
1.20226e-09
2.66822e-10

49.2964
10.9321
2.4259
0.538492
0.119559
0.0265491
0.00589575
0.00130928
0.000290755
6.45702e-05
1.43398e-05
3.18458e-06
7.07232e-07
1.57062e-07
3.48806e-08
7.74633e-09
1.72032e-09
3.8205e-10

69.7293
15.4698
3.43419
0.762604
0.169379
0.0376242
0.00835788
0.00185665
0.00041245
9.16256e-05
2.03548e-05
4.52184e-06
1.00453e-06
2.23159e-07
4.95753e-08
1.10133e-08
2.44663e-09
5.43525e-10

85.4052
18.9501
4.20735
0.934417
0.207564
0.0461113
0.0102443
0.00227597
0.000505655
0.000112343
2.49598e-05
5.54545e-06
1.23206e-06
2.73734e-07
6.0817e-08
1.35121e-08
3.00206e-09
6.66986e-10

