25.2455
9.10686
3.2914
1.1907
0.431004
0.156078
0.0565378
0.0204853
0.00742393
0.0026909
0.000975489
0.000353672
0.00012824
4.6504e-05
1.68652e-05
6.11684e-06
2.21867e-06
8.04792e-07
2.91944e-07
1.05911e-07
3.84237e-08
1.39405e-08
5.05798e-09
1.83523e-09
6.6592e-10

56.8225
20.6303
7.49311
2.72207
0.988984
0.359348
0.130578
0.047451
0.017244
0.00626681
0.00227755
0.00082775
0.000300843
0.000109343
3.97418e-05
1.44448e-05
5.25027e-06
1.90835e-06
6.93647e-07
2.5213e-07
9.16461e-08
3.33126e-08
1.21089e-08
4.40157e-09
1.59997e-09
5.81595e-10

80.4367
29.2255
10.621
3.86026
1.40312
0.510023
0.185396
0.0673941
0.0244992
0.00890616
0.00323769
0.00117702
0.000427898
0.000155561
5.65539e-05
2.05603e-05
7.47479e-06
2.71751e-06
9.87977e-07
3.5919e-07
1.30588e-07
4.74773e-08
1.72611e-08
6.2756e-09
2.28162e-09
8.29528e-10

113.796
41.3629
15.0365
5.46647
1.98737
0.722539
0.262694
0.0955092
0.0347252
0.0126255
0.00459044
0.00166903
0.000606841
0.000220642
8.02239e-05
2.9169e-05
1.06057e-05
3.85621e-06
1.40211e-06
5.09805e-07
1.85365e-07
6.7399e-08
2.45064e-08
8.91058e-09
3.23991e-09
1.17804e-09
4.28342e-10

139.386
50.6714
18.4223
6.69793
2.43526
0.885434
0.321937
0.117055
0.0425611
0.0154752
0.00562684
0.00204594
0.000743915
0.000270492
9.83531e-05
3.5762e-05
1.30034e-05
4.72817e-06
1.71921e-06
6.25126e-07
2.27304e-07
8.26505e-08
3.00528e-08
1.09276e-08
3.97344e-09
1.4448e-09
5.25351e-10

25.2455
9.10686
3.2914
1.1907
0.431004
0.156078
0.0565378
0.0204853
0.00742393
0.0026909
0.000975489
0.000353672
0.00012824
4.6504e-05
1.68652e-05
6.11684e-06
2.21867e-06
8.04792e-07
2.91944e-07
1.05911e-07
3.84237e-08
1.39405e-08
5.05798e-09
1.83523e-09
6.6592e-10

56.8225
20.6303
7.49311
2.72207
0.988984
0.359348
0.130578
0.047451
0.017244
0.00626681
0.00227755
0.00082775
0.000300843
0.000109343
3.97418e-05
1.44448e-05
5.25027e-06
1.90835e-06
6.93647e-07
2.5213e-07
9.16461e-08
3.33126e-08
1.21089e-08
4.40157e-09
1.59997e-09
5.81595e-10

80.4367
29.2255
10.621
3.86026
1.40312
0.510023
0.185396
0.0673941
0.0244992
0.00890616
0.00323769
0.00117702
0.000427898
0.000155561
5.65539e-05
2.05603e-05
7.47479e-06
2.71751e-06
9.87977e-07
3.5919e-07
1.30588e-07
4.74773e-08
1.72611e-08
6.2756e-09
2.28162e-09
8.29528e-10

113.796
41.3629
15.0365
5.46647
1.98737
0.722539
0.262694
0.0955092
0.0347252
0.0126255
0.00459044
0.00166903
0.000606841
0.000220642
8.02239e-05
2.9169e-05
1.06057e-05
3.85621e-06
1.40211e-06
5.09805e-07
1.85365e-07
6.7399e-08
2.45064e-08
8.91058e-09
3.23991e-09
1.17804e-09
4.28342e-10

139.386
50.6714
18.4223
6.69793
2.43526
0.885434
0.321937
0.117055
0.0425611
0.0154752
0.00562684
0.00204594
0.000743915
0.000270492
9.83531e-05
3.5762e-05
1.30034e-05
4.72817e-06
1.71921e-06
6.25126e-07
2.27304e-07
8.26505e-08
3.00528e-08
1.09276e-08
3.97344e-09
1.4448e-09
5.25351e-10

